642403001 
642403002 
642403003 
642403004 
642403005 
642403006 
642403007 
642403008 
642403009 
642403010 
642403011 
642403012 
642403013 
642403014 
642403015 
642403016 
642403017 
642403018 
642403019 
642403020 
642403021 
642403022 
642403023 
642403024 
642403025 
642403026 
642403027 
642403028 
642403029 
642403030 
642403031 
642403032 
642403033 
642403034 
642403035 
642403036 
642403037 
642403038 
642403039 
642403040 
642403041 
642403042 
642403043 
642403044 
642403045 
642403046 
642403047 
642403048 
642403049 
642403050 
642403051 
642403052 
642403053 
642403054 
642403055 
642403056 
642403057 
642403058 
642403059 
642403060 
642403061 
642403062 
642403063 
642403064 
642403065 
642403066 
642403067 
642403068 
642403069 
642403070 
642403071 
642403072 
642403073 
642403074 
642403075 
642403076 
642403077 
642403078 
642403079 
642403080 
642403081 
642403082 
642403083 
642403084 
642403085 
642403086 
642403087 
642403088 
642403089 
642403090 
642403091 
642403092 
642403093 
642403094 
642403095 
642403096 
642403097 
642403098 
642403099 
